Awkward version: 1.4.0
Uproot version: 4.0.11

Working on File: user.angerami.24559744.OutputStream._000001.root - 1/2
Event: 1
DeltaR: [0.00256462]
Event indices:[(1, 0, 0)]

Event: 4
DeltaR: [0.06427614 0.11128715]

Event: 11
DeltaR: [0.04044307 0.10371747]

Event: 14
DeltaR: [0.0101246  0.31494731]
Event indices:[(1, 0, 0), (14, 0, 0)]

Event: 24
DeltaR: [0.01713926 0.47710613]
Event indices:[(1, 0, 0), (14, 0, 0), (24, 0, 0)]

(3, 350, 6)
(3, 3)

filling in entries: 

cluster_cell_E: [4.21694824e+02 7.12924767e+00 6.27635765e+00 1.32325506e+01
 3.03391981e+00 1.78427100e+00 5.62035918e-01 2.42749858e+00
 1.02587557e+00 1.33970428e+00 1.01955310e-01 6.59811859e+01
 2.04358459e+00 4.19589472e+00 2.18574214e+00 2.67593831e-01
 2.24400118e-01 4.44726795e-02 1.26580882e+00 1.15438342e-01
 1.77157953e-01 2.11316228e-01 9.43355188e-02 2.18121111e-01
 3.51884440e-02 1.12478840e+00 1.80009380e-02 1.65859163e-02
 8.63319077e-03 4.50520813e-01 7.07300082e-02 4.54461604e-01
 1.98771641e-01 1.01488410e-02 9.26372558e-02 1.37206495e-01
 2.54729427e-02 1.28072472e-02 2.94561721e-02 6.50447384e-02
 2.15124376e-02 1.39271272e-02 3.29661891e-02 2.39537898e-02
 1.50493318e-02 1.95264276e-02 1.90046504e-02 1.46435359e-02
 2.19422892e-01 7.80912697e-01 3.42811823e-01 3.18166390e-02
 1.80626698e-02 6.94655478e-02 7.37401903e-01 6.82791173e-02
 2.45664828e-02 1.47267822e-02 1.85795557e-02 1.71025880e-02
 1.21920153e-01 4.10701856e-02 5.01607778e-03 8.24840646e-03
 1.00189984e-01 2.70506591e-02 2.67254598e-02 6.06868276e-03
 1.54098585e-01 9.59578715e-03 8.56436323e-03 1.20755946e-02]
filling in entries: 

cluster_cell_E: [2.67744507e+02 1.14713097e+01 3.84922180e+01 5.06620827e+01
 4.26104355e+00 6.56174612e+00 1.60406768e+00 1.13074036e+01
 1.91009629e+00 1.92978770e-01 3.06340963e-01 2.53327578e-01
 2.17367381e-01 2.37466305e-01 2.38502517e-01 2.07757875e-01
 2.11566940e-01 2.68672295e+01 1.60406768e+00 9.72397089e-01
 8.53158891e-01 1.60578992e-02 6.78612739e-02 6.39006793e-02
 4.99633849e-02 2.60289367e-02 4.39955890e-02 6.09290376e-02
 2.30680723e-02 6.83984470e+00 1.08222580e+00 1.48161054e+00
 5.67494333e-01 1.13755054e+01 1.00723398e+00 1.42330125e-01
 9.10210788e-01 3.00078113e-02 3.30124474e+00 1.35812223e-01
 2.09920197e+02 6.58935785e-01 6.01440907e-01 4.24355209e-01
 1.19937100e-02 2.39537898e-02 6.98179286e-03 1.30108371e-02
 2.69884337e-02 1.50493318e-02 2.95437306e-01 4.12281811e-01
 5.03008207e-03 2.60289367e-02 4.00824398e-02 8.01456906e-03
 8.43486905e-01 4.06331927e-01 3.01462382e-01 1.19937100e-02
 2.50924546e-02 1.80221181e-02 2.55494297e-01 1.95694625e-01
 3.40883471e-02 2.60289367e-02 1.19937100e-02 3.40883471e-02
 1.50493318e-02 1.89654976e-02 3.29661891e-02 2.78995395e-01
 6.98179286e-03 1.89654976e-02 5.94228287e+01 2.12186813e+00
 6.53285933e+00 6.19749546e+00 5.82701778e+00 3.60472441e+00
 7.63852894e-01 7.79444814e-01 6.43798637e+00 2.36390182e+02
 3.74628454e-01 2.46900976e-01 8.62904549e-01 1.32278696e-01
 9.39839408e-02 9.79426354e-02 2.69884337e-02 6.52032569e-02
 1.42330125e-01 3.84530008e-01 4.06331927e-01 5.03008207e-03
 9.02699400e-03 1.89396903e-01 7.29201138e-02 1.73826307e-01
 4.21315074e-01 7.57825151e-02 5.88638261e-02 5.18159866e-02
 5.03008207e-03 9.99554992e-03 1.19937100e-02 1.39271272e-02
 1.80221181e-02 3.70045193e-02 1.66371733e-01 1.11729689e-01
 1.28806993e-01 8.01456906e-03 9.99554992e-03 5.03008207e-03
 2.09498834e-02 1.67189285e-01 2.01202512e-01 2.45840549e-01
 1.96605548e-01 1.28806993e-01 1.00253865e-01 7.48202130e-02
 5.29492237e-02 6.04178477e-03 2.60289367e-02 5.29492237e-02
 2.89775897e-02 4.20086458e-02 3.49464752e-02 1.20723903e-01
 5.68458177e-02 2.50924546e-02 1.39271272e-02 4.20086458e-02
 5.18159866e-02 1.69320088e-02 1.80221181e-02 9.79426354e-02
 1.58342347e-01 1.49053305e-01 1.69320088e-02 1.37962252e-01
 6.37455635e+01 1.02215517e+00 1.10196896e+01 7.19568729e+00
 3.91117501e+00 1.18595827e+00 3.58720750e-01 1.91012897e+01
 2.13775373e+00 3.54604959e-01 5.26748538e-01 6.78612739e-02
 7.82243013e-02 1.16812363e-01 3.92863840e-01 4.98613894e-01
 1.13508049e-02 8.14955950e-01 1.50493318e-02 4.39955890e-02
 4.60442193e-02 2.69884337e-02 7.61466920e-02 8.51363223e-03
 7.59645412e-03 6.67725921e-01 8.18195164e-01 4.91370916e-01
 1.99412387e-02 2.73279566e-02 1.19937100e-02 8.01456906e-03
 9.99554992e-03 6.04178477e-03 5.49652241e-02 3.70045193e-02
 4.50121351e-02 4.55046773e-01 1.59178764e-01 3.62953618e-02
 3.29661891e-02 1.19937100e-02 1.60578992e-02 2.79712249e-02
 2.45136246e-02 3.49464752e-02 1.39271272e-02 1.39271272e-02
 2.50924546e-02 3.49464752e-02 2.53678977e-01 1.39271272e-02
 9.99554992e-03 6.98179286e-03 4.70919646e-02 2.50924546e-02
 3.79107185e-02 1.19937100e-02 1.99412387e-02 6.30419999e-02
 3.29661891e-02 1.30108371e-02 1.10310223e-02 6.04178477e-03
 1.89654976e-02 2.30680723e-02 1.69320088e-02 1.50493318e-02
 5.60517088e-02 3.91418226e-02 2.36433089e-01 1.69320088e-02
 1.19937100e-02 5.29492237e-02 1.93881258e-01 1.43066958e-01
 1.30108371e-02 1.30108371e-02 2.50924546e-02 1.69320088e-02
 2.89775897e-02 6.04178477e-03 2.30680723e-02 2.39537898e-02
 1.99412387e-02 5.18159866e-02 6.60814047e-02 2.69884337e-02
 3.10621634e-02 8.01456906e-03 4.10380065e-02 1.60578992e-02
 6.52032569e-02 3.00078113e-02 6.30419999e-02 1.69320088e-02
 6.39006793e-02 1.19632207e-01 4.72248554e-01 4.51687813e-01
 1.00143929e+01 1.99209571e+00 1.46045458e+00 5.38995922e-01
 6.45237088e-01 5.05101830e-02 1.03703749e+00 3.54969293e-01
 1.33088365e-01 1.53160244e-01 2.34790280e-01 5.05348325e-01
 3.63866448e-01 6.04178477e-03 1.58504486e-01 1.04486234e-01
 2.92352051e-01 2.98027724e-01 1.19937100e-02 1.19937100e-02
 1.25977900e-02 5.03008207e-03 3.40883471e-02 2.06868947e-01
 2.39537898e-02 1.19937100e-02 1.10310223e-02 2.69884337e-02
 1.60578992e-02 3.29661891e-02 1.19937100e-02 3.29661891e-02
 1.54720051e-02 8.01456906e-03 3.10621634e-02 2.79712249e-02
 3.49464752e-02 3.10621634e-02 6.04178477e-03 8.89070705e-03
 2.69884337e-02 1.99412387e-02 1.10310223e-02 3.00078113e-02
 4.95824754e-01 1.10310223e-02 5.57291461e-03 1.69320088e-02
 4.30486612e-02 1.19937100e-02 6.60814047e-02 6.98179286e-03
 1.80221181e-02 2.19919793e-02 1.69320088e-02 1.39271272e-02
 8.01456906e-03 9.99554992e-03 9.99554992e-03 1.89654976e-02
 2.50924546e-02 6.61776602e-01 2.30771210e-02 1.23181380e-01
 2.24549130e-01 4.53104265e-02 9.54795349e-03 1.29561648e-01
 2.52673566e-01 1.01210196e-02 1.73502006e-02 2.30260771e-02
 1.64585114e-02 2.23772496e-01 7.00958297e-02 3.61128859e-02
 1.19937100e-02 1.99412387e-02 4.39955890e-02 2.77277734e-02
 9.41921398e-03 6.12701811e-02 1.69320088e-02 6.98179286e-03
 1.22490160e-01 2.79712249e-02 8.01456906e-03 1.50493318e-02
 4.00824398e-02 3.18689309e-02 1.60578992e-02 1.10310223e-02
 3.23835835e-02 2.73048449e-02 1.26119465e-01 4.66162153e-02
 4.20345962e-02 2.42714304e-02 2.43699886e-02 3.02049648e-02]
filling in entries: 

cluster_cell_E: [4.21718903e+01 3.38901596e+01 1.20002782e+00 8.27120590e+00
 1.82821715e+00 6.93753195e+00 1.95193708e+00 6.20872140e-01
 8.41080368e-01 9.69751179e-01 1.09650946e+00 4.18289453e-01
 1.52878270e-01 1.32278696e-01 1.40864074e-01 1.16812363e-01
 1.69657990e-01 1.23696506e+00 1.18788099e+00 6.48772418e-01
 9.83029187e-01 5.71201444e-01 7.61956096e-01 7.02781260e-01
 2.41629243e-01 1.30108371e-02 2.19919793e-02 3.91418226e-02
 4.39955890e-02 1.26753420e-01 1.40134841e-01 2.16393381e-01
 3.07568789e-01 6.65084422e-01 3.74628454e-01 2.19324172e-01
 1.24049440e-01 1.30882636e-01 7.29201138e-02 4.50121351e-02
 2.50924546e-02 6.04178477e-03 1.89654976e-02 6.30742729e-01
 1.18106663e-01 1.38683930e-01 3.18689309e-02 2.50924546e-02
 5.80509901e-02 8.27506632e-02 2.75740623e+01 2.87137896e-01
 9.12225917e-02 2.28275105e-01 9.02699400e-03 1.19937100e-02
 1.60578992e-02 5.10695502e-02 2.38502517e-01 1.42330125e-01
 1.89654976e-02 1.10310223e-02 9.02699400e-03 3.70045193e-02
 9.99554992e-03 5.03008207e-03 2.70346117e+00 1.85614634e+00
 3.15969348e-01 5.14322996e+00 1.82494476e-01 9.21932161e-01
 1.00343898e-01 1.30166698e+00 2.21862769e+00 6.75737381e+01
 4.20086458e-02 7.57825151e-02 3.62149566e-01 2.04931274e-01
 2.09656641e-01 1.52878270e-01 8.27506632e-02 2.05870599e-01
 1.80636704e-01 6.00972548e-02 1.60578992e-02 2.89775897e-02
 1.19937100e-02 6.98179286e-03 2.23272905e-01 1.33684665e-01
 2.68754572e-01 9.79426354e-02 6.98179286e-03 8.01456906e-03
 2.89775897e-02 3.79107185e-02 9.02699400e-03 1.30108371e-02
 1.74668089e-01 3.98975492e-01 7.38660917e-02 1.28806993e-01
 9.62327123e-02 9.99554992e-03 5.68458177e-02 1.30882636e-01
 3.10621634e-02 1.10310223e-02 5.03008207e-03 1.19937100e-02
 5.03008207e-03 6.00972548e-02 1.99412387e-02 2.19919793e-02
 8.12229961e-02 2.09498834e-02 1.10310223e-02 1.50493318e-02
 5.03008207e-03 4.70919646e-02 1.89654976e-02 9.79426354e-02
 4.70919646e-02 4.10380065e-02 1.80221181e-02 6.98179286e-03
 3.79107185e-02 8.01456906e-03 1.19937100e-02 8.37796777e-02
 2.05870599e-01 1.80221181e-02 3.18689309e-02 6.92169592e-02
 5.18159866e-02 1.55984923e-01 3.52697277e+00 4.06797886e+00
 1.09780664e+01 5.12876093e-01 4.95894104e-01 1.20449178e-01
 8.84795368e-01 2.41670752e+00 7.94188008e-02 4.08827141e-02
 9.10390854e-01 4.09915298e-02 3.28727849e-02 2.37584263e-02
 2.69884337e-02 3.29661891e-02 3.79107185e-02 3.61128859e-02
 6.69673979e-02 2.17578024e-01 2.19259068e-01 1.26476273e-01
 1.05072923e-01 7.71481618e-02 1.31714746e-01 1.50493318e-02
 1.99412387e-02 3.70045193e-02 2.19919793e-02 1.56108299e-02
 1.60578992e-02 2.60289367e-02 1.43464869e-02 1.19937100e-02
 2.60289367e-02 1.14252180e-01 1.39271272e-02 3.00078113e-02
 2.19919793e-02 4.39955890e-02 2.09498834e-02 5.03008207e-03
 1.39271272e-02 6.98179286e-03 2.61205900e-02 1.15777319e-02
 4.40628767e-01 5.68458177e-02 1.69320088e-02 2.69884337e-02
 2.30680723e-02 1.09862380e-01 2.09498834e-02 9.02699400e-03
 9.51038972e-02 2.09498834e-02 8.01456906e-03 1.19937100e-02
 8.01456906e-03 5.03008207e-03 5.80509901e-02 1.45292670e-01
 3.49464752e-02 6.78612739e-02 7.01306984e-02 1.39271272e-02
 5.03008207e-03 3.00078113e-02 6.98179286e-03 1.89654976e-02
 1.50493318e-02 2.87776683e-02 4.10380065e-02 9.99554992e-03
 3.61128859e-02 6.09290376e-02 4.52313155e-01 8.07963759e-02
 9.27486181e-01 6.02107882e-01 4.99164134e-01 6.72540441e-02
 3.86925973e-02 5.85475117e-02 3.25380936e-02 5.54662943e-01
 1.13516681e-01 2.38551125e-02 1.28754452e-01 3.34997810e-02
 2.09498834e-02 1.19205704e-02 9.12433714e-02 4.48989719e-02
 1.56095540e-02 2.69884337e-02 6.04178477e-03 9.02699400e-03
 2.00551953e-02 2.50924546e-02 1.19937100e-02 5.03008207e-03
 1.39271272e-02 1.30108371e-02 4.70919646e-02 1.36657562e-02
 1.44187650e-02 9.42043494e-03 2.48138700e-02 1.01515884e-02
 3.33121270e-02 4.20772247e-02 1.32623566e-02]
Array concatenation step: 

Total events in this file: 3
Old total: 0
Array to copy to larger array
[[421.69482422   7.12924767   6.27635765 ...   0.           0.
    0.        ]
 [267.74450684  11.47130966  38.49221802 ... 246.96246338 246.96246338
  246.96246338]
 [ 42.17189026  33.89015961   1.20002782 ...   0.           0.
    0.        ]]

Copied array: 
[[421.69482422   7.12924767   6.27635765 ...   0.           0.
    0.        ]
 [267.74450684  11.47130966  38.49221802 ...   0.           0.
    0.        ]
 [ 42.17189026  33.89015961   1.20002782 ...   0.           0.
    0.        ]
 ...
 [  0.           0.           0.         ...   0.           0.
    0.        ]
 [  0.           0.           0.         ...   0.           0.
    0.        ]
 [  0.           0.           0.         ...   0.           0.
    0.        ]]
Array dimension: (3, 350, 6)
Time to create dicts and select events: 42.59989356994629
Time to find dimensions and make new array: 0.00046253204345703125
Time to construct index array: 0.005484104156494141
Time to populate elements: 0.014009475708007812
Time to copy to memory map: 0.0013413429260253906
Time for this file: 42.62119102478027
Total events: 3
Current size: (3, 350, 6)
Total time: 42.62119102478027


Working on File: user.angerami.24559744.OutputStream._000002.root - 2/2
Event: 7
DeltaR: [0.03762774 0.09989953]

Event: 11
DeltaR: [0.01651509]
Event indices:[(11, 0, 0)]

Event: 13
DeltaR: [0.03577171 0.0431184 ]

Event: 24
DeltaR: [0.04346938 0.03916392 0.11544587]

Event: 36
DeltaR: [0.03584457 0.2829873  0.00974635]
Event indices:[(11, 0, 0), (36, 0, 0)]

(2, 179, 6)
(2, 3)

filling in entries: 

cluster_cell_E: [4.48416367e+01 4.62556553e+00 2.97743917e+00 2.62900138e+00
 3.27737331e+00 6.40717387e-01 8.60461175e-01 5.20752311e-01
 6.14999533e-01 4.20086458e-02 3.18689309e-02 9.12225917e-02
 1.80221181e-02 4.29944657e-02 4.81554829e-02 5.18159866e-02
 6.60814047e-02 6.99658823e+00 1.97308457e+00 1.14011276e+00
 3.49464752e-02 7.52987623e-01 1.33684665e-01 3.63522232e-01
 8.01456906e-03 3.60780388e-01 3.97261238e+01 5.91879249e-01
 4.20086458e-02 2.32330233e-01 1.33684665e-01 9.51038972e-02
 1.55984923e-01 1.60578992e-02 6.98179286e-03 9.02699400e-03
 2.38502517e-01 8.02150741e-02 2.09498834e-02 1.80221181e-02
 6.04178477e-03 5.03008207e-03 9.02699400e-03 1.22046888e-01
 1.22046888e-01 8.22393373e-02 3.70045193e-02 1.99412387e-02
 1.30108371e-02 9.17704776e-02 6.09290376e-02 1.19937100e-02
 1.10310223e-02 2.09498834e-02 9.12225917e-02 2.30680723e-02
 5.03008207e-03 9.02699400e-03 3.10621634e-02 2.20306963e-01
 1.19937100e-02 2.45851016e+00 1.27566032e+01 3.35830164e+00
 4.05255651e+00 2.15367898e-01 7.13659286e-01 1.86749589e+00
 8.96174073e-01 8.51026821e+00 5.38341637e+01 1.08015992e-01
 2.36433089e-01 7.01306984e-02 3.15004647e-01 5.29492237e-02
 1.92978770e-01 3.55338156e-01 1.30882636e-01 1.99412387e-02
 4.39955890e-02 2.50924546e-02 7.38660917e-02 5.80509901e-02
 1.35812223e-01 6.78612739e-02 7.29201138e-02 9.99554992e-03
 8.01456906e-03 1.99412387e-02 2.69884337e-02 1.60578992e-02
 2.60289367e-02 2.60289367e-02 4.70919646e-02 2.39537898e-02
 6.78612739e-02 1.37178934e+00 1.02592411e+01 1.60522676e+00
 8.35977912e-01 1.13455367e+00 4.74783230e+00 3.81203979e-01
 4.35311198e-02 3.06226659e+00 2.02158302e-01 6.61587939e-02
 3.36904168e-01 9.02699400e-03 4.50121351e-02 3.18689309e-02
 2.89775897e-02 1.33333743e-01 2.21269410e-02 5.71579374e-02
 2.51359213e-02 6.98179286e-03 5.03008207e-03 1.89654976e-02
 7.48202130e-02 8.39718357e-02 9.46397055e-03 2.45186895e-01
 4.29944657e-02 6.98179286e-03 6.16502389e-03 7.96331465e-02
 8.01456906e-03 8.01456906e-03 3.61128859e-02 1.04984850e-01
 2.30680723e-02 5.10695502e-02 1.57390721e-02 1.50493318e-02
 1.30108371e-02 7.54910195e-03 3.29661891e-02 2.30680723e-02
 5.40988669e-02 8.01456906e-03 1.89654976e-02 3.49464752e-02
 1.39271272e-02 1.39271272e-02 8.58632252e-02 9.02699400e-03
 2.60289367e-02 1.30108371e-02 3.61128859e-02 2.26048917e-01
 8.23991373e-02 6.47291448e-03 6.22643828e-02 5.78569114e-01
 1.88203454e-02 3.75809409e-02 3.94895561e-02 4.86302003e-02
 3.12678181e-02 4.70594652e-02 4.17353034e-01 1.41641507e-02
 9.04573221e-03 9.02699400e-03 3.10621634e-02 3.49464752e-02
 5.10695502e-02 3.74860540e-02 2.77522933e-02 1.78256277e-02
 1.17716780e-02]
filling in entries: 

cluster_cell_E: [1.22090096e+02 1.46874785e-01 3.62028670e+00 3.71454656e-01
 1.12206450e+01 1.93845570e-01 1.50790960e-01 1.54433095e+00
 4.09146488e-01 9.34480131e-03 2.52666969e+01 5.37826767e+01
 6.26651824e-01 1.39454734e+00 4.41080891e-02 1.69610754e-01
 6.92816377e-01 2.14874875e-02 2.50543904e+00 1.64227337e-02
 1.72349811e-01 1.85265373e-02 7.33380439e-03 1.92718152e-02
 1.29004726e-02 6.79132203e-03 1.91288739e-02 6.04178477e-03
 3.40883471e-02 9.02699400e-03 7.29851872e-02 7.39287585e-02
 1.64969191e-02 6.21382333e-03 3.67681161e-02 1.64734423e-02
 1.74178388e-02 7.09406659e-03 1.06429495e-02 3.00078113e-02
 1.69320088e-02 1.60578992e-02 7.65770534e-03]
Array concatenation step: 

Total events in this file: 5
Old total: 3
Array to copy to larger array
[[4.48416367e+01 4.62556553e+00 2.97743917e+00 2.62900138e+00
  3.27737331e+00 6.40717387e-01 8.60461175e-01 5.20752311e-01
  6.14999533e-01 4.20086458e-02 3.18689309e-02 9.12225917e-02
  1.80221181e-02 4.29944657e-02 4.81554829e-02 5.18159866e-02
  6.60814047e-02 6.99658823e+00 1.97308457e+00 1.14011276e+00
  3.49464752e-02 7.52987623e-01 1.33684665e-01 3.63522232e-01
  8.01456906e-03 3.60780388e-01 3.97261238e+01 5.91879249e-01
  4.20086458e-02 2.32330233e-01 1.33684665e-01 9.51038972e-02
  1.55984923e-01 1.60578992e-02 6.98179286e-03 9.02699400e-03
  2.38502517e-01 8.02150741e-02 2.09498834e-02 1.80221181e-02
  6.04178477e-03 5.03008207e-03 9.02699400e-03 1.22046888e-01
  1.22046888e-01 8.22393373e-02 3.70045193e-02 1.99412387e-02
  1.30108371e-02 9.17704776e-02 6.09290376e-02 1.19937100e-02
  1.10310223e-02 2.09498834e-02 9.12225917e-02 2.30680723e-02
  5.03008207e-03 9.02699400e-03 3.10621634e-02 2.20306963e-01
  1.19937100e-02 2.45851016e+00 1.27566032e+01 3.35830164e+00
  4.05255651e+00 2.15367898e-01 7.13659286e-01 1.86749589e+00
  8.96174073e-01 8.51026821e+00 5.38341637e+01 1.08015992e-01
  2.36433089e-01 7.01306984e-02 3.15004647e-01 5.29492237e-02
  1.92978770e-01 3.55338156e-01 1.30882636e-01 1.99412387e-02
  4.39955890e-02 2.50924546e-02 7.38660917e-02 5.80509901e-02
  1.35812223e-01 6.78612739e-02 7.29201138e-02 9.99554992e-03
  8.01456906e-03 1.99412387e-02 2.69884337e-02 1.60578992e-02
  2.60289367e-02 2.60289367e-02 4.70919646e-02 2.39537898e-02
  6.78612739e-02 1.37178934e+00 1.02592411e+01 1.60522676e+00
  8.35977912e-01 1.13455367e+00 4.74783230e+00 3.81203979e-01
  4.35311198e-02 3.06226659e+00 2.02158302e-01 6.61587939e-02
  3.36904168e-01 9.02699400e-03 4.50121351e-02 3.18689309e-02
  2.89775897e-02 1.33333743e-01 2.21269410e-02 5.71579374e-02
  2.51359213e-02 6.98179286e-03 5.03008207e-03 1.89654976e-02
  7.48202130e-02 8.39718357e-02 9.46397055e-03 2.45186895e-01
  4.29944657e-02 6.98179286e-03 6.16502389e-03 7.96331465e-02
  8.01456906e-03 8.01456906e-03 3.61128859e-02 1.04984850e-01
  2.30680723e-02 5.10695502e-02 1.57390721e-02 1.50493318e-02
  1.30108371e-02 7.54910195e-03 3.29661891e-02 2.30680723e-02
  5.40988669e-02 8.01456906e-03 1.89654976e-02 3.49464752e-02
  1.39271272e-02 1.39271272e-02 8.58632252e-02 9.02699400e-03
  2.60289367e-02 1.30108371e-02 3.61128859e-02 2.26048917e-01
  8.23991373e-02 6.47291448e-03 6.22643828e-02 5.78569114e-01
  1.88203454e-02 3.75809409e-02 3.94895561e-02 4.86302003e-02
  3.12678181e-02 4.70594652e-02 4.17353034e-01 1.41641507e-02
  9.04573221e-03 9.02699400e-03 3.10621634e-02 3.49464752e-02
  5.10695502e-02 3.74860540e-02 2.77522933e-02 1.78256277e-02
  1.17716780e-02 4.85021261e+01 4.85021261e+01 4.85021261e+01
  4.85021261e+01 4.85021261e+01 4.85021261e+01]
 [1.22090096e+02 1.46874785e-01 3.62028670e+00 3.71454656e-01
  1.12206450e+01 1.93845570e-01 1.50790960e-01 1.54433095e+00
  4.09146488e-01 9.34480131e-03 2.52666969e+01 5.37826767e+01
  6.26651824e-01 1.39454734e+00 4.41080891e-02 1.69610754e-01
  6.92816377e-01 2.14874875e-02 2.50543904e+00 1.64227337e-02
  1.72349811e-01 1.85265373e-02 7.33380439e-03 1.92718152e-02
  1.29004726e-02 6.79132203e-03 1.91288739e-02 6.04178477e-03
  3.40883471e-02 9.02699400e-03 7.29851872e-02 7.39287585e-02
  1.64969191e-02 6.21382333e-03 3.67681161e-02 1.64734423e-02
  1.74178388e-02 7.09406659e-03 1.06429495e-02 3.00078113e-02
  1.69320088e-02 1.60578992e-02 7.65770534e-03 4.81677246e+01
  4.81677246e+01 4.81677246e+01 4.81677246e+01 4.81677246e+01
  4.81677246e+01 0.00000000e+00 0.00000000e+00 0.00000000e+00
  0.00000000e+00 0.00000000e+00 0.00000000e+00 0.00000000e+00
  0.00000000e+00 0.00000000e+00 0.00000000e+00 0.00000000e+00
  0.00000000e+00 0.00000000e+00 0.00000000e+00 0.00000000e+00
  0.00000000e+00 0.00000000e+00 0.00000000e+00 0.00000000e+00
  0.00000000e+00 0.00000000e+00 0.00000000e+00 0.00000000e+00
  0.00000000e+00 0.00000000e+00 0.00000000e+00 0.00000000e+00
  0.00000000e+00 0.00000000e+00 0.00000000e+00 0.00000000e+00
  0.00000000e+00 0.00000000e+00 0.00000000e+00 0.00000000e+00
  0.00000000e+00 0.00000000e+00 0.00000000e+00 0.00000000e+00
  0.00000000e+00 0.00000000e+00 0.00000000e+00 0.00000000e+00
  0.00000000e+00 0.00000000e+00 0.00000000e+00 0.00000000e+00
  0.00000000e+00 0.00000000e+00 0.00000000e+00 0.00000000e+00
  0.00000000e+00 0.00000000e+00 0.00000000e+00 0.00000000e+00
  0.00000000e+00 0.00000000e+00 0.00000000e+00 0.00000000e+00
  0.00000000e+00 0.00000000e+00 0.00000000e+00 0.00000000e+00
  0.00000000e+00 0.00000000e+00 0.00000000e+00 0.00000000e+00
  0.00000000e+00 0.00000000e+00 0.00000000e+00 0.00000000e+00
  0.00000000e+00 0.00000000e+00 0.00000000e+00 0.00000000e+00
  0.00000000e+00 0.00000000e+00 0.00000000e+00 0.00000000e+00
  0.00000000e+00 0.00000000e+00 0.00000000e+00 0.00000000e+00
  0.00000000e+00 0.00000000e+00 0.00000000e+00 0.00000000e+00
  0.00000000e+00 0.00000000e+00 0.00000000e+00 0.00000000e+00
  0.00000000e+00 0.00000000e+00 0.00000000e+00 0.00000000e+00
  0.00000000e+00 0.00000000e+00 0.00000000e+00 0.00000000e+00
  0.00000000e+00 0.00000000e+00 0.00000000e+00 0.00000000e+00
  0.00000000e+00 0.00000000e+00 0.00000000e+00 0.00000000e+00
  0.00000000e+00 0.00000000e+00 0.00000000e+00 0.00000000e+00
  0.00000000e+00 0.00000000e+00 0.00000000e+00 0.00000000e+00
  0.00000000e+00 0.00000000e+00 0.00000000e+00 0.00000000e+00
  0.00000000e+00 0.00000000e+00 0.00000000e+00 0.00000000e+00
  0.00000000e+00 0.00000000e+00 0.00000000e+00 0.00000000e+00
  0.00000000e+00 0.00000000e+00 0.00000000e+00]]

Copied array: 
[[421.69482422   7.12924767   6.27635765 ...   0.           0.
    0.        ]
 [267.74450684  11.47130966  38.49221802 ...   0.           0.
    0.        ]
 [ 42.17189026  33.89015961   1.20002782 ...   0.           0.
    0.        ]
 ...
 [  0.           0.           0.         ...   0.           0.
    0.        ]
 [  0.           0.           0.         ...   0.           0.
    0.        ]
 [  0.           0.           0.         ...   0.           0.
    0.        ]]
Array dimension: (2, 179, 6)
Time to create dicts and select events: 42.21204710006714
Time to find dimensions and make new array: 0.0003521442413330078
Time to construct index array: 0.005388498306274414
Time to populate elements: 0.009311676025390625
Time to copy to memory map: 0.0029256343841552734
Time for this file: 42.23002505302429
Total events: 5
Current size: (5, 350, 6)
Total time: 84.85121607780457


Time to copy new and delete old: 0.014262914657592773 (s)

